16.87 1 1 0 0 0 0 0 0 1 1 0 0 1 1 0 0 0 0 0 0 0 0 1 0 0 1 1 1 0 0 
15.06 1 1 0 0 0 0 0 0 1 1 0 0 1 1 0 0 0 0 0 0 0 0 1 0 1 1 0 0 0 0 
12.33 1 1 0 0 0 0 0 0 1 1 0 0 0 1 0 0 1 0 0 0 0 0 1 0 0 1 1 1 0 0 
10.52 1 1 0 0 0 0 0 0 1 1 0 0 0 1 0 0 1 0 0 0 0 0 1 0 1 1 0 0 0 0 
13.92 1 1 0 0 0 0 0 0 0 1 1 0 0 1 1 1 0 0 0 0 1 1 0 0 1 1 0 0 0 0 
9.14 1 1 0 0 0 0 0 0 0 1 1 0 0 1 1 1 0 0 0 0 1 1 0 0 0 1 0 0 1 0 
12.21 1 1 0 0 0 0 0 0 0 1 1 0 1 1 0 0 0 0 0 0 1 1 0 0 1 1 0 0 0 0 
7.43 1 1 0 0 0 0 0 0 0 1 1 0 1 1 0 0 0 0 0 0 1 1 0 0 0 1 0 0 1 0 
17.24 0 1 1 1 0 0 1 1 0 0 0 0 0 0 1 1 0 0 0 0 0 0 1 0 0 1 1 1 0 0 
15.43 0 1 1 1 0 0 1 1 0 0 0 0 0 0 1 1 0 0 0 0 0 0 1 0 1 1 0 0 0 0 
10.99 0 1 1 1 0 0 1 1 0 0 0 0 0 0 0 1 1 0 0 0 0 0 1 0 0 1 1 1 0 0 
9.18 0 1 1 1 0 0 1 1 0 0 0 0 0 0 0 1 1 0 0 0 0 0 1 0 1 1 0 0 0 0 
15.16 0 1 1 1 0 0 0 1 0 0 1 0 0 1 1 1 0 0 1 1 0 0 0 0 0 0 1 1 0 0 
8.57 0 1 1 1 0 0 0 1 0 0 1 0 0 1 1 1 0 0 1 1 0 0 0 0 0 0 0 1 1 0 
13.45 0 1 1 1 0 0 0 1 0 0 1 0 1 1 0 0 0 0 1 1 0 0 0 0 0 0 1 1 0 0 
6.86 0 1 1 1 0 0 0 1 0 0 1 0 1 1 0 0 0 0 1 1 0 0 0 0 0 0 0 1 1 0 
18.36 0 1 0 1 1 0 0 1 1 1 0 0 1 1 0 0 0 0 1 1 0 0 0 0 0 0 1 1 0 0 
11.77 0 1 0 1 1 0 0 1 1 1 0 0 1 1 0 0 0 0 1 1 0 0 0 0 0 0 0 1 1 0 
13.82 0 1 0 1 1 0 0 1 1 1 0 0 0 1 0 0 1 0 1 1 0 0 0 0 0 0 1 1 0 0 
7.23 0 1 0 1 1 0 0 1 1 1 0 0 0 1 0 0 1 0 1 1 0 0 0 0 0 0 0 1 1 0 
17.49 0 1 0 1 1 0 1 1 0 0 0 0 0 0 1 1 0 0 0 0 1 1 0 0 1 1 0 0 0 0 
12.71 0 1 0 1 1 0 1 1 0 0 0 0 0 0 1 1 0 0 0 0 1 1 0 0 0 1 0 0 1 0 
11.24 0 1 0 1 1 0 1 1 0 0 0 0 0 0 0 1 1 0 0 0 1 1 0 0 1 1 0 0 0 0 
6.46 0 1 0 1 1 0 1 1 0 0 0 0 0 0 0 1 1 0 0 0 1 1 0 0 0 1 0 0 1 0 
